77.33333333333333
71.66666666666667
59.0
66.66666666666667
50.666666666666664
51.666666666666664
58.333333333333336
42.333333333333336
45.0
66.0
57.666666666666664
57.333333333333336
55.666666666666664
79.66666666666667
52.333333333333336
69.33333333333333
56.666666666666664
68.33333333333333
54.333333333333336
52.0
77.66666666666667
53.0
51.0
41.333333333333336
83.66666666666667
68.33333333333333
74.66666666666667
75.33333333333333
73.0
92.66666666666667
54.666666666666664
46.666666666666664
70.33333333333333
49.333333333333336
65.0
64.33333333333333
72.33333333333333
81.0
81.0
68.66666666666667
72.0
64.33333333333333
73.33333333333333
50.666666666666664
65.66666666666667
75.66666666666667
54.333333333333336
73.0
82.66666666666667
52.666666666666664
61.333333333333336
76.0
77.33333333333333
71.33333333333333
58.0
77.0
55.666666666666664
42.666666666666664
55.333333333333336
44.333333333333336
57.666666666666664
69.66666666666667
57.0
89.0
30.666666666666668
46.333333333333336
44.333333333333336
68.33333333333333
50.333333333333336
40.333333333333336
66.0
51.333333333333336
43.0
49.666666666666664
46.333333333333336
59.0
48.0
76.0
56.333333333333336
63.333333333333336
67.0
43.333333333333336
56.0
63.333333333333336
59.666666666666664
78.33333333333333
75.66666666666667
64.33333333333333
71.33333333333333
58.666666666666664
49.666666666666664
46.333333333333336
45.333333333333336
70.33333333333333
81.33333333333333
74.66666666666667
47.333333333333336
66.0
63.0
71.66666666666667
49.0
66.66666666666667
60.666666666666664
58.333333333333336
61.666666666666664
76.66666666666667
55.0
68.66666666666667
69.33333333333333
57.333333333333336
50.333333333333336
80.0
64.0
69.0
47.0
37.666666666666664
75.0
50.666666666666664
78.0
56.666666666666664
58.0
61.333333333333336
72.66666666666667
43.333333333333336
44.666666666666664
37.333333333333336
51.0
61.666666666666664
58.333333333333336
60.666666666666664
75.33333333333333
86.0
72.66666666666667
73.33333333333333
73.33333333333333
49.333333333333336
79.33333333333333
70.33333333333333
71.0
51.0
78.66666666666667
84.0
43.0
73.33333333333333
45.0
84.66666666666667
43.333333333333336
89.33333333333333
54.666666666666664
62.0
70.66666666666667
53.333333333333336
73.0
55.666666666666664
77.33333333333333
52.333333333333336
48.0
63.333333333333336
70.33333333333333
47.666666666666664
49.333333333333336
61.333333333333336
77.66666666666667
48.0
49.666666666666664
52.0
68.33333333333333
74.66666666666667
66.33333333333333
60.333333333333336
56.666666666666664
67.66666666666667
67.0
61.666666666666664
49.666666666666664
42.333333333333336
59.333333333333336
48.666666666666664
50.0
57.333333333333336
72.66666666666667
64.66666666666667
80.66666666666667
49.0
57.666666666666664
43.0
67.0
61.0
73.33333333333333
50.333333333333336
83.0
47.666666666666664
46.666666666666664
61.09326424870466 62.40414507772021 61.50777202072539